35
94
69
18
14
56
22
29
5
26
18
38
99
92
17
14
24
78
43
60
16
95
91
50
4
79
58
40
71
12
75
57
34
56
33
77
96
90
36
9
55
74
51
63
23
40
55
60
49
21
59
75
24
33
9
47
24
23
72
61
28
54
78
70
51
21
55
17
52
70
62
56
96
18
97
55
44
68
46
46
51
8
85
76
5
25
100
71
53
52
94
43
66
41
68
14
20
61
91
66
12
31
66
47
14
35
15
87
31
77
82
68
27
31
26
99
39
45
62
85
100
15
39
43
100
6
82
70
46
65
90
69
41
55
64
98
88
12
59
66
61
44
9
75
91
42
13
67
16
60
43
2
41
38
87
86
22
9
78
64
56
37
47
19
28
30
99
73
39
61
19
55
90
55
71
27
99
96
2
87
76
8
60
12
82
20
84
46
83
3
9
36
37
82
16
42
42
3
77
89
99
13
30
95
10
64
29
84
57
21
15
49
39
20
28
26
75
85
27
23
31
56
53
4
2
76
99
35
82
77
77
49
55
61
75
13
33
7
54
47
35
77
88
70
69
29
58
87
17
39
92
3
3
76
7
31
82
55
42
2
2
80
63
43
54
96
26
74
35
29
92
50
49
24
3
64
4
45
95
100
64
42
43
56
12
6
10
11
93
88
93
22
98
67
71
45
56
23
63
6
2
95
63
77
85
56
68
23
86
45
86
18
9
2
31
40
52
92
23
44
69
44
98
47
2
34
68
45
30
50
37
23
28
84
51
31
85
27
91
48
97
7
88
24
23
43
18
55
77
36
19
12
23
2
33
59
81
93
52
59
30
29
8
88
25
74
96
92
52
93
79
89
17
7
38
7
100
38
4
37
42
97
49
13
85
37
98
63
26
24
17
49
2
63
21
80
14
8
14
58
2
52
40
100
91
46
91
50
65
90
25
62
35
12
93
36
69
13
96
79
80
29
19
73
41
30
49
16
78
87
20
95
55
9
38
30
34
4
66
66
27
1
43
20
40
50
25
81
57
50
11
78
11
1
30
96
78
49
21
81
70
69
36
5
18
10
21
81
33
32
91
54
99
15
55
14
62
25
49
22
60
10
33
74
48
47
100
64
35
30
60
36
45
71
58
89
34
8
25
90
1
37
19
72
18
25
35
19
77
33
92
86
24
48
13
98
30
87
43
41
89
56
94
67
24
73
29
19
19
14
53
85
9
55
52
47
60
70
82
18
52
45
54
41
6
70
100
61
60
17
66
98
20
61
34
92
39
67
31
88
64
59
71
63
86
19
86
90
28
58
31
44
29
3
39
22
75
38
39
10
77
80
19
10
47
39
96
12
92
55
76
71
9
93
46
74
76
94
93
95
29
68
57
69
31
97
91
57
87
25
97
79
47
49
13
48
19
35
41
91
78
92
92
30
92
10
32
47
58
42
77
91
26
23
84
67
25
22
62
74
97
51
19
12
99
58
27
86
13
30
55
32
26
93
51
82
78
68
37
67
41
10
19
42
87
54
53
12
74
53
37
62
57
17
3
37
1
84
17
97
56
47
19
56
99
51
72
14
2
64
51
91
5
22
89
7
94
52
98
63
79
84
33
40
24
64
8
66
89
24
55
75
54
86
35
30
20
34
18
71
75
84
39
72
50
76
76
35
58
61
85
8
17
61
30
88
24
36
43
80
16
36
70
90
46
64
11
29
27
52
13
54
59
32
50
100
55
18
33
8
23
39
73
1
39
6
20
4
13
83
12
9
100
28
35
28
70
25
91
39
1
39
78
100
54
59
18
37
87
82
29
100
6
15
74
94
83
20
17
58
19
35
19
49
89
70
17
62
48
97
22
12
89
95
14
34
85
34
7
19
78
15
22
94
46
1
58
85
28
75
7
66
2
72
26
75
40
15
56
38
48
14
21
72
9
36
65
80
74
66
66
66
48
97
26
19
92
64
13
57
9
23
79
50
14
78
23
79
83
73
48
16
23
50
38
29
7
81
54
42
41
22
77
33
27
32
61
74
93
75
95
17
88
25
66
35
80
59
14
92
99
99
79
19
99
64
82
62
34
81
24
96
43
72
44
64
75
69
40
60
49
34
6
66
87
78
15
84
7
70
85
79
47
50
58
74
62
24
71
78
86
81
79
63
17
28
40
63
6
62
30
7
85
16
62
78
50
86
40
88
25
85
72
72
37
64
1
89
93
28
63
97
7
22
80
85
13
47
81
14
43
46
79
90
5
25
58
16
88